1 0;

5 0 7;
maj 0 4 7;
maj 0 4;
min 0 3 7;
min 0 3;
dim 0 3 6;
aug 0 4 8;
sus4 0 5 7;

maj7 0 4 7 11;
maj7 0 4 11;

7 0 4 7 10;
7 0 4 10;
7sus4 0 5 7 10;

7b9 0 1 4 7 10;
7b9 0 1 4 10;

7#9 0 3 4 7 10;
7#9 0 3 4 10;

7#5 0 4 8 10;

min7 0 3 7 10;
min7 0 3 10;
?7 0 7 10;

minM7 0 3 7 11;
minM7 0 3 11;

min7b5 0 3 6 10;

dim7 0 3 6 9;

add9 0 2 4 7;
add9 0 2 4;

min(add9) 0 2 3 7:
min(add9) 0 2 3;

9 0 2 4 7 10;
9 0 2 4 10;

min9 0 2 3 7 10;
min9 0 2 3 10;

maj9 0 2 4 7 11;
maj9 0 2 4 11;

add11 0 4 5 7;
add11 0 4 5;

min(add11) 0 3 5 7;

11 0 2 4 5 7 10;
11 0 4 5 7 10;
11 0 2 4 5 10;
11 0 4 5 10;

min11 0 2 3 5 7 10;
min11 0 3 5 7 10;
min11 0 2 3 5 10;

maj11 0 2 3 5 7 11;
maj11 0 3 5 7 11;
maj11 0 2 3 5 11;
maj11 0 3 5 11;

#11 0 2 4 6 7 10;
#11 0 2 4 6 10;
#11 0 4 6 10;

#11 0 2 4 6 7 10;
#11 0 4 5 6 10;
#11 0 2 4 6 10;
#11 0 4 6 10;

13 0 2 4 7 9 10;
13 0 2 4 9 10;

maj13 0 2 4 7 9 11;

min13 0 2 3 7 9 10;



