# base = major triad (2)
2 maj, 0 4 7 12 16 19 24 28 36 40 48 52 60 64 72 76 84 88 96 100;

2 maj, 0 4;
12 maj, 0 16;
102 maj, 0 16;
1002 maj, 0 16;
10002 maj, 0 28;
100002 maj, 0 28;

2 maj, 0 4 7 12 16 19 24 28 36 40 48 52 60 64 72 76 84 88 96 100;
14 maj, 0 7 16;
104 maj, 0 16 19;
1004 maj, 0 16 19;
10004 maj, 0 19 28;
100004 maj, 0 19 28;

8 6th, 0 4 7 9;
18 6th, 0 7 9 16; 
108 6th, 0 9 16 19;
1008 6th, 0 16 19 21;
10008 6th, 0 19 21 28;
100008 6th, 0 21 28 31;

16 maj7, 0 4 7 11;
26 maj7, 0 7 11 16;
116 maj7, 0 11 16 19;
1016 maj7, 0 16 19 23;
10016 maj7, 0 19 23 28;
100016 maj7, 0 23 28 31;

#32 add9, 0 4 7 14;
#64 maj9, 0 4 7 11 14;
#128 6|9, 0 4 7 9 14;
#256 add11, 0 4 7 17;
#512 maj7|13, 0 4 7 11 14;
#1024 maj7|9|13, 0 4 7 11 14;

# base = minor triad (3)
3 min, 0 3;
13 min, 0 15;
103 min, 0 15;
1003 min, 0 15;
10003 min, 0 27;
100003 min, 0 27;

9 min, 0 3 7;
19 min, 0 7 15;
109 min, 0 15 19;
1009 min, 0 15 19;
10009 min, 0 19 27;
100009 min, 0 19 27;

27 min7, 0 3 7 10;
37 min7, 0 7 10 15;
127 min7, 0 10 15 19;
1027 min7,
10027 min7,
100027 min7, 


81
243
729
2187
6561


# base = diminished triad (5)
5 dim, 0 3 6;
25 m7b5, 0 3 6 10;
125
625



# base = augmented triad (3)
7 aug, 0 4 8;

49 aug7, 0 4 8 10;
343
3401

# base = suspended 4th triad (3)
11 sus4, 0 5 7;
49 sus4|7, 0 5 7 10;
343
3401